{
 "cells": [
  {
   "cell_type": "code",
   "execution_count": 2,
   "id": "209c77a0",
   "metadata": {},
   "outputs": [],
   "source": [
    "%reload_ext autoreload\n",
    "%autoreload 2\n",
    "import numpy as np\n",
    "import pandas as pd\n",
    "import matplotlib.pyplot as plt\n",
    "import time\n",
    "from IPython.display import display\n",
    "from abc import ABC, abstractmethod\n",
    "from scipy.spatial import cKDTree # Para otimização do 1-NN\n",
    "from typing import Dict, List, Tuple, Any\n",
    "from compara_todos import compara_todos "
   ]
  },
  {
   "cell_type": "markdown",
   "id": "3497d468",
   "metadata": {},
   "source": [
    "# Testes"
   ]
  },
  {
   "cell_type": "code",
   "execution_count": 3,
   "id": "15939a6c",
   "metadata": {},
   "outputs": [],
   "source": [
    "Nr = 50      # Número de rodadas\n",
    "Ptrain = 80  # Percentual de treino"
   ]
  },
  {
   "cell_type": "code",
   "execution_count": 4,
   "id": "8f05f1d7",
   "metadata": {},
   "outputs": [
    {
     "name": "stdout",
     "output_type": "stream",
     "text": [
      "--- CARREGANDO DADOS DE 'recfaces400PCA98var_boxcox.dat' ---\n",
      "\n",
      "--- INICIANDO AVALIAÇÃO DOS CLASSIFICADORES (50 repetições, 80% treino) ---\n",
      "Avaliando: QDA (Quadrático)...\n",
      "Classificador: QDA (Quadrático)\n",
      "Executando QDA...\n",
      "{np.int64(1): array([[ 2.39260989e+00,  1.49058127e+00, -1.12975866e-01, ...,\n",
      "        -1.28698362e-01, -1.49906218e-02, -1.63463123e-01],\n",
      "       [ 1.49058127e+00,  7.79611678e+00,  1.61991913e+00, ...,\n",
      "        -2.96947923e-01, -1.46759642e-01, -2.18266754e-01],\n",
      "       [-1.12975866e-01,  1.61991913e+00,  5.50954817e-01, ...,\n",
      "        -7.01199933e-02,  2.21051260e-03, -1.02523043e-01],\n",
      "       ...,\n",
      "       [-1.28698362e-01, -2.96947923e-01, -7.01199933e-02, ...,\n",
      "         4.95298317e-02, -4.64259635e-03,  6.39556606e-02],\n",
      "       [-1.49906218e-02, -1.46759642e-01,  2.21051260e-03, ...,\n",
      "        -4.64259635e-03,  3.19190768e-02, -1.51487554e-02],\n",
      "       [-1.63463123e-01, -2.18266754e-01, -1.02523043e-01, ...,\n",
      "         6.39556606e-02, -1.51487554e-02,  1.13366243e-01]],\n",
      "      shape=(63, 63)), np.int64(2): array([[ 1.0037354 ,  0.24681278, -0.24060341, ...,  0.06956042,\n",
      "        -0.10137602,  0.00779488],\n",
      "       [ 0.24681278,  0.25410314,  0.04728894, ...,  0.11245474,\n",
      "        -0.00609026, -0.05454103],\n",
      "       [-0.24060341,  0.04728894,  0.23038757, ..., -0.0081566 ,\n",
      "         0.04275945, -0.01703999],\n",
      "       ...,\n",
      "       [ 0.06956042,  0.11245474, -0.0081566 , ...,  0.09686871,\n",
      "         0.00795711, -0.04800532],\n",
      "       [-0.10137602, -0.00609026,  0.04275945, ...,  0.00795711,\n",
      "         0.0418519 ,  0.00828194],\n",
      "       [ 0.00779488, -0.05454103, -0.01703999, ..., -0.04800532,\n",
      "         0.00828194,  0.04121899]], shape=(63, 63)), np.int64(3): array([[ 1.29927772e+01, -1.72296402e-01, -1.45671756e+00, ...,\n",
      "        -3.28229817e-01, -2.77912170e-01,  1.10712718e-01],\n",
      "       [-1.72296402e-01,  3.11784659e+00,  1.09235345e+00, ...,\n",
      "         2.52474271e-01,  7.49824357e-02, -1.71676461e-01],\n",
      "       [-1.45671756e+00,  1.09235345e+00,  6.80642318e-01, ...,\n",
      "         1.73469269e-01,  1.05745582e-01, -4.10946652e-02],\n",
      "       ...,\n",
      "       [-3.28229817e-01,  2.52474271e-01,  1.73469269e-01, ...,\n",
      "         7.20075589e-02,  4.28860158e-02, -1.11308859e-02],\n",
      "       [-2.77912170e-01,  7.49824357e-02,  1.05745582e-01, ...,\n",
      "         4.28860158e-02,  6.39417883e-02, -1.31609492e-02],\n",
      "       [ 1.10712718e-01, -1.71676461e-01, -4.10946652e-02, ...,\n",
      "        -1.11308859e-02, -1.31609492e-02,  2.96757690e-02]],\n",
      "      shape=(63, 63)), np.int64(4): array([[ 1.24366422e+00,  2.29644065e+00,  6.84897848e-01, ...,\n",
      "        -5.79572390e-02, -3.49414629e-02, -1.16645301e-01],\n",
      "       [ 2.29644065e+00,  9.22987789e+00,  3.01509955e+00, ...,\n",
      "         2.42837729e-01, -4.22006375e-01,  3.22328138e-02],\n",
      "       [ 6.84897848e-01,  3.01509955e+00,  1.18811303e+00, ...,\n",
      "         8.79587458e-02, -3.48105159e-02,  6.10652095e-02],\n",
      "       ...,\n",
      "       [-5.79572390e-02,  2.42837729e-01,  8.79587458e-02, ...,\n",
      "         4.71439663e-02, -2.57387997e-02,  2.89385392e-02],\n",
      "       [-3.49414629e-02, -4.22006375e-01, -3.48105159e-02, ...,\n",
      "        -2.57387997e-02,  9.74185423e-02, -3.59919640e-03],\n",
      "       [-1.16645301e-01,  3.22328138e-02,  6.10652095e-02, ...,\n",
      "         2.89385392e-02, -3.59919640e-03,  4.59724434e-02]],\n",
      "      shape=(63, 63)), np.int64(5): array([[ 8.73586295e-01, -6.30876219e-02, -7.56176456e-02, ...,\n",
      "        -1.52875409e-02, -1.68134394e-01, -1.27110708e-01],\n",
      "       [-6.30876219e-02,  2.52915963e-02,  1.43011231e-02, ...,\n",
      "        -8.19689069e-03,  2.27398583e-02,  2.53807624e-04],\n",
      "       [-7.56176456e-02,  1.43011231e-02,  2.08224175e-02, ...,\n",
      "        -5.62831956e-03,  1.62184181e-02,  1.25630709e-02],\n",
      "       ...,\n",
      "       [-1.52875409e-02, -8.19689069e-03, -5.62831956e-03, ...,\n",
      "         6.45927662e-03, -8.96422638e-04,  5.49445257e-03],\n",
      "       [-1.68134394e-01,  2.27398583e-02,  1.62184181e-02, ...,\n",
      "        -8.96422638e-04,  4.35485300e-02,  2.59469433e-02],\n",
      "       [-1.27110708e-01,  2.53807624e-04,  1.25630709e-02, ...,\n",
      "         5.49445257e-03,  2.59469433e-02,  3.72346924e-02]],\n",
      "      shape=(63, 63)), np.int64(6): array([[ 2.16309886e-01,  3.80474553e-01, -2.40857584e-01, ...,\n",
      "         1.32507123e-02, -4.89500476e-03, -7.02538917e-03],\n",
      "       [ 3.80474553e-01,  1.21194629e+00, -4.53713948e-01, ...,\n",
      "         7.34590587e-03,  7.19453228e-02, -4.12187288e-02],\n",
      "       [-2.40857584e-01, -4.53713948e-01,  2.71944520e-01, ...,\n",
      "        -1.35077525e-02,  6.00072131e-04,  8.86462203e-03],\n",
      "       ...,\n",
      "       [ 1.32507123e-02,  7.34590587e-03, -1.35077525e-02, ...,\n",
      "         2.70134756e-02,  1.15149672e-02, -2.72412062e-03],\n",
      "       [-4.89500476e-03,  7.19453228e-02,  6.00072131e-04, ...,\n",
      "         1.15149672e-02,  2.25145757e-02, -8.09635169e-03],\n",
      "       [-7.02538917e-03, -4.12187288e-02,  8.86462203e-03, ...,\n",
      "        -2.72412062e-03, -8.09635169e-03,  6.75227572e-03]],\n",
      "      shape=(63, 63)), np.int64(7): array([[ 1.30725068,  0.74283166,  0.96930699, ...,  0.17677613,\n",
      "        -0.06029747,  0.1651979 ],\n",
      "       [ 0.74283166,  3.70815494,  0.96465379, ..., -0.17699932,\n",
      "        -0.26554933, -0.18531026],\n",
      "       [ 0.96930699,  0.96465379,  2.17240933, ..., -0.09952155,\n",
      "         0.10745079, -0.09003185],\n",
      "       ...,\n",
      "       [ 0.17677613, -0.17699932, -0.09952155, ...,  0.11771425,\n",
      "        -0.02203886,  0.0291645 ],\n",
      "       [-0.06029747, -0.26554933,  0.10745079, ..., -0.02203886,\n",
      "         0.06008553,  0.0077154 ],\n",
      "       [ 0.1651979 , -0.18531026, -0.09003185, ...,  0.0291645 ,\n",
      "         0.0077154 ,  0.11438447]], shape=(63, 63)), np.int64(8): array([[ 4.00287719e+00,  6.21705717e-01, -2.74434395e-02, ...,\n",
      "         1.18817337e-01,  1.98653969e-01, -1.21328537e-01],\n",
      "       [ 6.21705717e-01,  6.09153735e+00,  4.31989485e+00, ...,\n",
      "         1.00740925e-02,  2.53588189e-01, -2.05617707e-02],\n",
      "       [-2.74434395e-02,  4.31989485e+00,  5.50405356e+00, ...,\n",
      "         7.59084649e-02,  1.69396460e-02,  4.56001155e-02],\n",
      "       ...,\n",
      "       [ 1.18817337e-01,  1.00740925e-02,  7.59084649e-02, ...,\n",
      "         2.47013900e-02, -1.24842923e-02, -1.57518652e-02],\n",
      "       [ 1.98653969e-01,  2.53588189e-01,  1.69396460e-02, ...,\n",
      "        -1.24842923e-02,  5.26625454e-02, -2.87492238e-03],\n",
      "       [-1.21328537e-01, -2.05617707e-02,  4.56001155e-02, ...,\n",
      "        -1.57518652e-02, -2.87492238e-03,  2.00472121e-02]],\n",
      "      shape=(63, 63)), np.int64(9): array([[ 5.15445199, -0.64399643, -0.41057524, ...,  0.07293298,\n",
      "        -0.18209356,  0.19564094],\n",
      "       [-0.64399643,  2.13431982, -0.23841062, ...,  0.12449687,\n",
      "         0.11573607, -0.22649879],\n",
      "       [-0.41057524, -0.23841062,  0.42576457, ..., -0.03483148,\n",
      "         0.07096147, -0.01113582],\n",
      "       ...,\n",
      "       [ 0.07293298,  0.12449687, -0.03483148, ...,  0.04489926,\n",
      "         0.02494515, -0.02226383],\n",
      "       [-0.18209356,  0.11573607,  0.07096147, ...,  0.02494515,\n",
      "         0.06707253, -0.03833673],\n",
      "       [ 0.19564094, -0.22649879, -0.01113582, ..., -0.02226383,\n",
      "        -0.03833673,  0.03858713]], shape=(63, 63)), np.int64(10): array([[ 1.75354278, -1.38972021, -0.12259446, ..., -0.03055583,\n",
      "         0.02016631,  0.18556412],\n",
      "       [-1.38972021,  1.97969751,  0.16429396, ..., -0.22491085,\n",
      "         0.07575929, -0.182272  ],\n",
      "       [-0.12259446,  0.16429396,  0.71216849, ...,  0.02724292,\n",
      "         0.02785328,  0.03323883],\n",
      "       ...,\n",
      "       [-0.03055583, -0.22491085,  0.02724292, ...,  0.1147133 ,\n",
      "        -0.06392991,  0.01290019],\n",
      "       [ 0.02016631,  0.07575929,  0.02785328, ..., -0.06392991,\n",
      "         0.06925673,  0.00862247],\n",
      "       [ 0.18556412, -0.182272  ,  0.03323883, ...,  0.01290019,\n",
      "         0.00862247,  0.03322075]], shape=(63, 63)), np.int64(11): array([[ 3.13909943,  1.66693182, -0.76013729, ...,  0.13268701,\n",
      "        -0.1039611 , -0.04305277],\n",
      "       [ 1.66693182,  1.94552543, -0.05838191, ...,  0.01156666,\n",
      "         0.00578184,  0.02216085],\n",
      "       [-0.76013729, -0.05838191,  0.38677292, ..., -0.10247566,\n",
      "         0.08232845,  0.04877034],\n",
      "       ...,\n",
      "       [ 0.13268701,  0.01156666, -0.10247566, ...,  0.04502225,\n",
      "        -0.02851335, -0.02891493],\n",
      "       [-0.1039611 ,  0.00578184,  0.08232845, ..., -0.02851335,\n",
      "         0.02695424,  0.01392728],\n",
      "       [-0.04305277,  0.02216085,  0.04877034, ..., -0.02891493,\n",
      "         0.01392728,  0.03946714]], shape=(63, 63)), np.int64(12): array([[ 0.72596903,  0.03542772, -0.14764811, ...,  0.00625425,\n",
      "        -0.0815881 ,  0.10264071],\n",
      "       [ 0.03542772,  2.21897682,  0.60439748, ...,  0.10372025,\n",
      "         0.14517874,  0.11480126],\n",
      "       [-0.14764811,  0.60439748,  0.43328277, ...,  0.11582429,\n",
      "         0.10620859,  0.00271544],\n",
      "       ...,\n",
      "       [ 0.00625425,  0.10372025,  0.11582429, ...,  0.07633017,\n",
      "         0.0263057 , -0.00381772],\n",
      "       [-0.0815881 ,  0.14517874,  0.10620859, ...,  0.0263057 ,\n",
      "         0.06184637,  0.00715435],\n",
      "       [ 0.10264071,  0.11480126,  0.00271544, ..., -0.00381772,\n",
      "         0.00715435,  0.04255666]], shape=(63, 63)), np.int64(13): array([[ 2.58696826, -2.4704214 ,  0.11930629, ..., -0.24942788,\n",
      "         0.21260701, -0.02777476],\n",
      "       [-2.4704214 ,  6.72004338, -0.94247588, ..., -0.01040127,\n",
      "        -0.15415372,  0.02806431],\n",
      "       [ 0.11930629, -0.94247588,  0.41363797, ...,  0.01829082,\n",
      "         0.01114991, -0.03295964],\n",
      "       ...,\n",
      "       [-0.24942788, -0.01040127,  0.01829082, ...,  0.06580553,\n",
      "        -0.02266067,  0.01242425],\n",
      "       [ 0.21260701, -0.15415372,  0.01114991, ..., -0.02266067,\n",
      "         0.02449175,  0.00798967],\n",
      "       [-0.02777476,  0.02806431, -0.03295964, ...,  0.01242425,\n",
      "         0.00798967,  0.03504686]], shape=(63, 63)), np.int64(14): array([[ 5.34964149e+00,  1.11505841e+00, -1.40436575e+00, ...,\n",
      "         2.40552851e-01,  4.82556251e-02, -1.25254168e-01],\n",
      "       [ 1.11505841e+00,  8.27257908e-01, -4.32932598e-01, ...,\n",
      "         2.62521456e-02,  9.65890274e-02, -7.81235264e-02],\n",
      "       [-1.40436575e+00, -4.32932598e-01,  6.27786150e-01, ...,\n",
      "        -3.37656367e-02,  2.29786355e-02, -5.36637424e-03],\n",
      "       ...,\n",
      "       [ 2.40552851e-01,  2.62521456e-02, -3.37656367e-02, ...,\n",
      "         2.22051175e-02,  5.21129364e-03, -4.94885807e-03],\n",
      "       [ 4.82556251e-02,  9.65890274e-02,  2.29786355e-02, ...,\n",
      "         5.21129364e-03,  4.98774835e-02, -2.25994051e-02],\n",
      "       [-1.25254168e-01, -7.81235264e-02, -5.36637424e-03, ...,\n",
      "        -4.94885807e-03, -2.25994051e-02,  4.12837976e-02]],\n",
      "      shape=(63, 63)), np.int64(15): array([[ 1.40232986, -0.68154408, -0.69301149, ..., -0.10656804,\n",
      "         0.00719496,  0.01822796],\n",
      "       [-0.68154408,  5.00999615, -0.52850041, ...,  0.17282264,\n",
      "         0.41772031,  0.29146022],\n",
      "       [-0.69301149, -0.52850041,  4.1476052 , ...,  0.24797392,\n",
      "        -0.05119507, -0.18111224],\n",
      "       ...,\n",
      "       [-0.10656804,  0.17282264,  0.24797392, ...,  0.05556257,\n",
      "         0.02988423, -0.01607253],\n",
      "       [ 0.00719496,  0.41772031, -0.05119507, ...,  0.02988423,\n",
      "         0.113169  ,  0.04034783],\n",
      "       [ 0.01822796,  0.29146022, -0.18111224, ..., -0.01607253,\n",
      "         0.04034783,  0.05702734]], shape=(63, 63))}\n",
      "{np.int64(1): array([[ 2.36473596,  1.39512905, -0.16321846, ..., -0.15443947,\n",
      "         0.03258936, -0.15548734],\n",
      "       [ 1.39512905,  1.60706876,  0.29570594, ..., -0.18189914,\n",
      "         0.08090191, -0.26236634],\n",
      "       [-0.16321846,  0.29570594,  0.28769262, ..., -0.04424022,\n",
      "         0.04496256, -0.12408851],\n",
      "       ...,\n",
      "       [-0.15443947, -0.18189914, -0.04424022, ...,  0.0491974 ,\n",
      "        -0.01678339,  0.06442164],\n",
      "       [ 0.03258936,  0.08090191,  0.04496256, ..., -0.01678339,\n",
      "         0.03850713, -0.01786606],\n",
      "       [-0.15548734, -0.26236634, -0.12408851, ...,  0.06442164,\n",
      "        -0.01786606,  0.11601605]], shape=(63, 63)), np.int64(2): array([[ 1.00290109, -0.39908742, -0.13261974, ...,  0.01086929,\n",
      "        -0.18821756, -0.08345338],\n",
      "       [-0.39908742,  1.09828358, -0.35874372, ..., -0.02882057,\n",
      "         0.06642471,  0.16623172],\n",
      "       [-0.13261974, -0.35874372,  0.41524092, ...,  0.0129024 ,\n",
      "         0.00922963, -0.10662088],\n",
      "       ...,\n",
      "       [ 0.01086929, -0.02882057,  0.0129024 , ...,  0.0818328 ,\n",
      "        -0.00324319, -0.06606693],\n",
      "       [-0.18821756,  0.06642471,  0.00922963, ..., -0.00324319,\n",
      "         0.04669452,  0.02356298],\n",
      "       [-0.08345338,  0.16623172, -0.10662088, ..., -0.06606693,\n",
      "         0.02356298,  0.08912   ]], shape=(63, 63)), np.int64(3): array([[ 1.58162673e+01, -1.92773158e+00, -1.37440492e+00, ...,\n",
      "        -2.84994695e-01, -2.76335116e-01,  1.67542764e-01],\n",
      "       [-1.92773158e+00,  2.55712495e-01,  1.90382382e-01, ...,\n",
      "         3.76568970e-02,  3.11417689e-02, -3.12247088e-02],\n",
      "       [-1.37440492e+00,  1.90382382e-01,  6.08906756e-01, ...,\n",
      "         1.12209322e-01,  1.32538516e-01,  2.67499473e-02],\n",
      "       ...,\n",
      "       [-2.84994695e-01,  3.76568970e-02,  1.12209322e-01, ...,\n",
      "         2.87844422e-02,  3.13227609e-02,  1.30268329e-02],\n",
      "       [-2.76335116e-01,  3.11417689e-02,  1.32538516e-01, ...,\n",
      "         3.13227609e-02,  8.03578265e-02,  3.26871367e-02],\n",
      "       [ 1.67542764e-01, -3.12247088e-02,  2.67499473e-02, ...,\n",
      "         1.30268329e-02,  3.26871367e-02,  6.27610992e-02]],\n",
      "      shape=(63, 63)), np.int64(4): array([[ 1.21662205e+00,  2.20697240e+00,  6.62331807e-01, ...,\n",
      "        -8.36282314e-02, -2.67346119e-02, -1.11544245e-01],\n",
      "       [ 2.20697240e+00,  9.64471961e+00,  3.21557383e+00, ...,\n",
      "         2.17853903e-01, -4.77079855e-01,  5.56679553e-02],\n",
      "       [ 6.62331807e-01,  3.21557383e+00,  1.32895567e+00, ...,\n",
      "         6.89755746e-02, -6.22321072e-02,  5.95516939e-02],\n",
      "       ...,\n",
      "       [-8.36282314e-02,  2.17853903e-01,  6.89755746e-02, ...,\n",
      "         5.47666482e-02, -2.28959459e-02,  3.42390123e-02],\n",
      "       [-2.67346119e-02, -4.77079855e-01, -6.22321072e-02, ...,\n",
      "        -2.28959459e-02,  1.14540812e-01, -8.36828320e-03],\n",
      "       [-1.11544245e-01,  5.56679553e-02,  5.95516939e-02, ...,\n",
      "         3.42390123e-02, -8.36828320e-03,  3.83681212e-02]],\n",
      "      shape=(63, 63)), np.int64(5): array([[ 1.53933562e-01,  3.18883609e-01,  5.50672564e-02, ...,\n",
      "        -2.84103475e-02, -3.50454654e-02, -4.86887820e-02],\n",
      "       [ 3.18883609e-01,  4.24252280e+00,  7.45603130e-01, ...,\n",
      "        -1.79806989e-01, -2.30935014e-01,  4.23667180e-02],\n",
      "       [ 5.50672564e-02,  7.45603130e-01,  1.52213548e-01, ...,\n",
      "        -3.83979669e-02, -3.78828454e-02,  2.23509316e-02],\n",
      "       ...,\n",
      "       [-2.84103475e-02, -1.79806989e-01, -3.83979669e-02, ...,\n",
      "         1.40497402e-02,  8.95334631e-03,  2.56970982e-04],\n",
      "       [-3.50454654e-02, -2.30935014e-01, -3.78828454e-02, ...,\n",
      "         8.95334631e-03,  2.64843877e-02,  1.01014293e-02],\n",
      "       [-4.86887820e-02,  4.23667180e-02,  2.23509316e-02, ...,\n",
      "         2.56970982e-04,  1.01014293e-02,  3.45507909e-02]],\n",
      "      shape=(63, 63)), np.int64(6): array([[ 6.00393660e+00,  1.71379835e+00, -2.77952129e+00, ...,\n",
      "         4.38965819e-02,  9.44735308e-02, -2.26601987e-01],\n",
      "       [ 1.71379835e+00,  1.16613032e+00, -9.42969155e-01, ...,\n",
      "        -2.60083454e-03,  7.74592175e-02, -1.05415769e-01],\n",
      "       [-2.77952129e+00, -9.42969155e-01,  1.39701995e+00, ...,\n",
      "        -1.14339982e-02, -1.08613881e-02,  7.68740116e-02],\n",
      "       ...,\n",
      "       [ 4.38965819e-02, -2.60083454e-03, -1.14339982e-02, ...,\n",
      "         3.82621513e-02,  2.38051888e-02, -1.39689883e-02],\n",
      "       [ 9.44735308e-02,  7.74592175e-02, -1.08613881e-02, ...,\n",
      "         2.38051888e-02,  4.46679219e-02, -3.44280554e-02],\n",
      "       [-2.26601987e-01, -1.05415769e-01,  7.68740116e-02, ...,\n",
      "        -1.39689883e-02, -3.44280554e-02,  3.61358872e-02]],\n",
      "      shape=(63, 63)), np.int64(7): array([[ 7.94733839e+00,  1.13751830e+00, -7.37746050e-01, ...,\n",
      "         1.22212393e-01,  2.58920585e-01,  2.47777622e-01],\n",
      "       [ 1.13751830e+00,  3.28314154e+00,  9.90674721e-01, ...,\n",
      "        -1.65742516e-01, -1.81039867e-01, -1.89601943e-01],\n",
      "       [-7.37746050e-01,  9.90674721e-01,  9.77272447e-01, ...,\n",
      "         4.34836308e-02, -4.55828467e-02, -1.22372337e-01],\n",
      "       ...,\n",
      "       [ 1.22212393e-01, -1.65742516e-01,  4.34836308e-02, ...,\n",
      "         9.47858394e-02, -2.28992393e-03, -1.19701268e-02],\n",
      "       [ 2.58920585e-01, -1.81039867e-01, -4.55828467e-02, ...,\n",
      "        -2.28992393e-03,  5.01457965e-02,  4.31606494e-02],\n",
      "       [ 2.47777622e-01, -1.89601943e-01, -1.22372337e-01, ...,\n",
      "        -1.19701268e-02,  4.31606494e-02,  6.00096251e-02]],\n",
      "      shape=(63, 63)), np.int64(8): array([[ 7.08503148,  1.03984332,  0.51111298, ...,  0.34896167,\n",
      "         0.51838159, -0.19459521],\n",
      "       [ 1.03984332,  6.13337129,  4.3486297 , ...,  0.03933828,\n",
      "         0.27872972, -0.02899837],\n",
      "       [ 0.51111298,  4.3486297 ,  5.46621271, ...,  0.11029396,\n",
      "         0.01853212,  0.03727188],\n",
      "       ...,\n",
      "       [ 0.34896167,  0.03933828,  0.11029396, ...,  0.04162879,\n",
      "         0.00899224, -0.02102505],\n",
      "       [ 0.51838159,  0.27872972,  0.01853212, ...,  0.00899224,\n",
      "         0.06350393, -0.00863492],\n",
      "       [-0.19459521, -0.02899837,  0.03727188, ..., -0.02102505,\n",
      "        -0.00863492,  0.02163715]], shape=(63, 63)), np.int64(9): array([[12.0631319 , -1.72761961, -2.21184457, ..., -0.36198407,\n",
      "        -0.33165916, -0.04374089],\n",
      "       [-1.72761961,  2.30417645,  0.15680832, ...,  0.19721269,\n",
      "         0.20416197, -0.27607271],\n",
      "       [-2.21184457,  0.15680832,  0.74344492, ...,  0.04361572,\n",
      "         0.05678799,  0.05818754],\n",
      "       ...,\n",
      "       [-0.36198407,  0.19721269,  0.04361572, ...,  0.06965371,\n",
      "         0.0162639 ,  0.01351005],\n",
      "       [-0.33165916,  0.20416197,  0.05678799, ...,  0.0162639 ,\n",
      "         0.05391183, -0.04003105],\n",
      "       [-0.04374089, -0.27607271,  0.05818754, ...,  0.01351005,\n",
      "        -0.04003105,  0.08264777]], shape=(63, 63)), np.int64(10): array([[ 1.60590096, -1.36265207, -0.11961929, ..., -0.05165949,\n",
      "        -0.02946175,  0.03319854],\n",
      "       [-1.36265207,  1.81970963,  0.21975569, ..., -0.09587684,\n",
      "         0.11245578,  0.03219783],\n",
      "       [-0.11961929,  0.21975569,  0.47282633, ..., -0.0367676 ,\n",
      "         0.02302775, -0.02320259],\n",
      "       ...,\n",
      "       [-0.05165949, -0.09587684, -0.0367676 , ...,  0.05197497,\n",
      "        -0.04805781, -0.0147485 ],\n",
      "       [-0.02946175,  0.11245578,  0.02302775, ..., -0.04805781,\n",
      "         0.06597783,  0.02737654],\n",
      "       [ 0.03319854,  0.03219783, -0.02320259, ..., -0.0147485 ,\n",
      "         0.02737654,  0.04914795]], shape=(63, 63)), np.int64(11): array([[ 2.93880550e+00,  1.93423254e+00, -7.20237284e-01, ...,\n",
      "         1.01051342e-01, -1.09772524e-01, -7.51416676e-02],\n",
      "       [ 1.93423254e+00,  3.11670550e+00, -1.98168951e-01, ...,\n",
      "        -4.88721677e-02, -4.02836615e-02, -9.66931062e-02],\n",
      "       [-7.20237284e-01, -1.98168951e-01,  2.48216456e-01, ...,\n",
      "        -3.30645646e-02,  3.61869383e-02,  1.23102742e-02],\n",
      "       ...,\n",
      "       [ 1.01051342e-01, -4.88721677e-02, -3.30645646e-02, ...,\n",
      "         3.35793282e-02, -1.85690125e-02, -1.07478213e-03],\n",
      "       [-1.09772524e-01, -4.02836615e-02,  3.61869383e-02, ...,\n",
      "        -1.85690125e-02,  2.38479991e-02,  4.10333369e-04],\n",
      "       [-7.51416676e-02, -9.66931062e-02,  1.23102742e-02, ...,\n",
      "        -1.07478213e-03,  4.10333369e-04,  2.79656662e-02]],\n",
      "      shape=(63, 63)), np.int64(12): array([[ 0.81669943,  0.03689828, -0.16705632, ...,  0.00675598,\n",
      "        -0.09193112,  0.11525445],\n",
      "       [ 0.03689828,  1.94024134,  0.50092882, ...,  0.06403423,\n",
      "         0.13615729,  0.08847712],\n",
      "       [-0.16705632,  0.50092882,  0.42981475, ...,  0.11335326,\n",
      "         0.11073868, -0.01003873],\n",
      "       ...,\n",
      "       [ 0.00675598,  0.06403423,  0.11335326, ...,  0.08088656,\n",
      "         0.02702163, -0.00814589],\n",
      "       [-0.09193112,  0.13615729,  0.11073868, ...,  0.02702163,\n",
      "         0.06824983,  0.00606149],\n",
      "       [ 0.11525445,  0.08847712, -0.01003873, ..., -0.00814589,\n",
      "         0.00606149,  0.04490129]], shape=(63, 63)), np.int64(13): array([[ 1.01824753e+00, -2.48933344e+00,  3.39878134e-01, ...,\n",
      "        -6.58111728e-02,  8.12196628e-02, -5.41942054e-04],\n",
      "       [-2.48933344e+00,  7.03990540e+00, -7.07581221e-01, ...,\n",
      "         1.04831185e-03, -1.71450204e-01, -7.21716945e-03],\n",
      "       [ 3.39878134e-01, -7.07581221e-01,  1.77991422e-01, ...,\n",
      "        -3.58651231e-02,  4.10987850e-02, -1.34482964e-02],\n",
      "       ...,\n",
      "       [-6.58111728e-02,  1.04831185e-03, -3.58651231e-02, ...,\n",
      "         4.92808581e-02, -5.95875033e-03,  1.42074418e-02],\n",
      "       [ 8.12196628e-02, -1.71450204e-01,  4.10987850e-02, ...,\n",
      "        -5.95875033e-03,  1.60193929e-02,  9.04634628e-03],\n",
      "       [-5.41942054e-04, -7.21716945e-03, -1.34482964e-02, ...,\n",
      "         1.42074418e-02,  9.04634628e-03,  3.73345662e-02]],\n",
      "      shape=(63, 63)), np.int64(14): array([[ 5.90494601e+00,  1.14951972e+00, -1.55412498e+00, ...,\n",
      "         2.45661543e-01, -1.31044520e-02, -1.37952343e-01],\n",
      "       [ 1.14951972e+00,  8.61887038e-01, -4.22695184e-01, ...,\n",
      "         3.00690511e-02,  7.36356118e-02, -8.17086757e-02],\n",
      "       [-1.55412498e+00, -4.22695184e-01,  6.69282367e-01, ...,\n",
      "        -3.31240197e-02,  4.41486464e-02, -4.87604643e-03],\n",
      "       ...,\n",
      "       [ 2.45661543e-01,  3.00690511e-02, -3.31240197e-02, ...,\n",
      "         2.57543949e-02, -2.01007081e-04, -3.24392246e-03],\n",
      "       [-1.31044520e-02,  7.36356118e-02,  4.41486464e-02, ...,\n",
      "        -2.01007081e-04,  2.77917498e-02, -2.15962261e-02],\n",
      "       [-1.37952343e-01, -8.17086757e-02, -4.87604643e-03, ...,\n",
      "        -3.24392246e-03, -2.15962261e-02,  4.66785577e-02]],\n",
      "      shape=(63, 63)), np.int64(15): array([[ 1.57471092, -0.96801333, -0.83009624, ..., -0.11322577,\n",
      "         0.0468541 ,  0.00751196],\n",
      "       [-0.96801333,  4.79993024, -0.71005246, ...,  0.21348241,\n",
      "         0.59929738,  0.34453186],\n",
      "       [-0.83009624, -0.71005246,  4.66375216, ...,  0.26475142,\n",
      "        -0.07038669, -0.14340958],\n",
      "       ...,\n",
      "       [-0.11322577,  0.21348241,  0.26475142, ...,  0.06416341,\n",
      "         0.03822137, -0.02108583],\n",
      "       [ 0.0468541 ,  0.59929738, -0.07038669, ...,  0.03822137,\n",
      "         0.13069383,  0.02648784],\n",
      "       [ 0.00751196,  0.34453186, -0.14340958, ..., -0.02108583,\n",
      "         0.02648784,  0.07169231]], shape=(63, 63))}\n",
      "{np.int64(1): array([[ 2.12050704e+00,  1.15191564e+00, -3.01907769e-01, ...,\n",
      "        -8.75423580e-02, -3.30168964e-02, -3.95586124e-02],\n",
      "       [ 1.15191564e+00,  5.92489854e+00,  8.85439625e-01, ...,\n",
      "        -8.67575377e-02, -2.16597605e-01,  1.44396928e-01],\n",
      "       [-3.01907769e-01,  8.85439625e-01,  2.91717305e-01, ...,\n",
      "         1.88144568e-02, -1.04228846e-02,  4.34632018e-02],\n",
      "       ...,\n",
      "       [-8.75423580e-02, -8.67575377e-02,  1.88144568e-02, ...,\n",
      "         1.61510210e-02, -2.57804436e-03,  3.27511048e-03],\n",
      "       [-3.30168964e-02, -2.16597605e-01, -1.04228846e-02, ...,\n",
      "        -2.57804436e-03,  5.21175969e-02, -4.12332909e-03],\n",
      "       [-3.95586124e-02,  1.44396928e-01,  4.34632018e-02, ...,\n",
      "         3.27511048e-03, -4.12332909e-03,  8.03308546e-03]],\n",
      "      shape=(63, 63)), np.int64(2): array([[ 1.09404185, -0.06204913,  0.04638683, ...,  0.10103635,\n",
      "        -0.13128709, -0.02235199],\n",
      "       [-0.06204913,  0.91125605, -0.14691362, ...,  0.01955131,\n",
      "         0.04295124,  0.16652995],\n",
      "       [ 0.04638683, -0.14691362,  0.38202374, ...,  0.0289514 ,\n",
      "        -0.00679834, -0.02615655],\n",
      "       ...,\n",
      "       [ 0.10103635,  0.01955131,  0.0289514 , ...,  0.0864544 ,\n",
      "        -0.00165394, -0.0544654 ],\n",
      "       [-0.13128709,  0.04295124, -0.00679834, ..., -0.00165394,\n",
      "         0.042155  ,  0.01274763],\n",
      "       [-0.02235199,  0.16652995, -0.02615655, ..., -0.0544654 ,\n",
      "         0.01274763,  0.10734007]], shape=(63, 63)), np.int64(3): array([[ 1.61246469e+01, -5.11566726e-01, -1.02011491e+00, ...,\n",
      "        -1.99143724e-01, -1.90944014e-01,  1.57913449e-01],\n",
      "       [-5.11566726e-01,  3.42993762e+00,  1.06386640e+00, ...,\n",
      "         1.82325451e-01,  6.55070987e-02, -8.71297618e-02],\n",
      "       [-1.02011491e+00,  1.06386640e+00,  8.45395450e-01, ...,\n",
      "         1.54352084e-01,  1.49665440e-01,  1.30424290e-02],\n",
      "       ...,\n",
      "       [-1.99143724e-01,  1.82325451e-01,  1.54352084e-01, ...,\n",
      "         3.39741082e-02,  2.82735215e-02,  9.47012427e-03],\n",
      "       [-1.90944014e-01,  6.55070987e-02,  1.49665440e-01, ...,\n",
      "         2.82735215e-02,  6.55543934e-02,  2.87650661e-02],\n",
      "       [ 1.57913449e-01, -8.71297618e-02,  1.30424290e-02, ...,\n",
      "         9.47012427e-03,  2.87650661e-02,  6.30207701e-02]],\n",
      "      shape=(63, 63)), np.int64(4): array([[ 1.22475344e+00,  2.21529606e+00,  6.30446950e-01, ...,\n",
      "        -5.69470388e-02, -3.29065154e-02, -1.28775855e-01],\n",
      "       [ 2.21529606e+00,  9.02164477e+00,  2.93207568e+00, ...,\n",
      "         2.24412329e-01, -4.40245482e-01, -2.92980701e-03],\n",
      "       [ 6.30446950e-01,  2.93207568e+00,  1.19343196e+00, ...,\n",
      "         6.63723405e-02, -5.79781193e-02,  4.43130407e-02],\n",
      "       ...,\n",
      "       [-5.69470388e-02,  2.24412329e-01,  6.63723405e-02, ...,\n",
      "         5.07914344e-02, -2.14612757e-02,  2.68399847e-02],\n",
      "       [-3.29065154e-02, -4.40245482e-01, -5.79781193e-02, ...,\n",
      "        -2.14612757e-02,  1.02397286e-01, -5.54855148e-03],\n",
      "       [-1.28775855e-01, -2.92980701e-03,  4.43130407e-02, ...,\n",
      "         2.68399847e-02, -5.54855148e-03,  4.02291697e-02]],\n",
      "      shape=(63, 63)), np.int64(5): array([[ 9.72136211e-01, -1.01085717e-01, -1.00549839e-01, ...,\n",
      "        -2.13869616e-03, -1.98013068e-01, -1.22641546e-01],\n",
      "       [-1.01085717e-01,  1.19321537e-02,  8.18897199e-03, ...,\n",
      "         2.63461592e-04,  2.23708811e-02,  1.09796736e-02],\n",
      "       [-1.00549839e-01,  8.18897199e-03,  2.03677501e-02, ...,\n",
      "        -2.49885317e-03,  1.46743749e-02,  1.58007818e-02],\n",
      "       ...,\n",
      "       [-2.13869616e-03,  2.63461592e-04, -2.49885317e-03, ...,\n",
      "         2.91535033e-03,  2.60570951e-03,  2.56512695e-03],\n",
      "       [-1.98013068e-01,  2.23708811e-02,  1.46743749e-02, ...,\n",
      "         2.60570951e-03,  4.77346783e-02,  2.79773483e-02],\n",
      "       [-1.22641546e-01,  1.09796736e-02,  1.58007818e-02, ...,\n",
      "         2.56512695e-03,  2.79773483e-02,  2.63165737e-02]],\n",
      "      shape=(63, 63)), np.int64(6): array([[ 0.54789449,  0.35376156, -0.476158  , ..., -0.02270976,\n",
      "        -0.08161976,  0.0630931 ],\n",
      "       [ 0.35376156,  1.08835696, -0.41753264, ..., -0.02184303,\n",
      "         0.04231798, -0.0270269 ],\n",
      "       [-0.476158  , -0.41753264,  0.43333945, ...,  0.01361006,\n",
      "         0.05531611, -0.04223649],\n",
      "       ...,\n",
      "       [-0.02270976, -0.02184303,  0.01361006, ...,  0.04042511,\n",
      "         0.01964461, -0.00846483],\n",
      "       [-0.08161976,  0.04231798,  0.05531611, ...,  0.01964461,\n",
      "         0.03091544, -0.01896854],\n",
      "       [ 0.0630931 , -0.0270269 , -0.04223649, ..., -0.00846483,\n",
      "        -0.01896854,  0.01779052]], shape=(63, 63)), np.int64(7): array([[ 8.5088535 ,  1.34089117, -1.23697984, ...,  0.23048027,\n",
      "         0.18334598,  0.43722789],\n",
      "       [ 1.34089117,  3.3536182 ,  0.82002345, ..., -0.1248781 ,\n",
      "        -0.20916521, -0.12903841],\n",
      "       [-1.23697984,  0.82002345,  1.38866708, ..., -0.05805007,\n",
      "         0.02401538, -0.26508799],\n",
      "       ...,\n",
      "       [ 0.23048027, -0.1248781 , -0.05805007, ...,  0.11480446,\n",
      "        -0.01647085,  0.02873731],\n",
      "       [ 0.18334598, -0.20916521,  0.02401538, ..., -0.01647085,\n",
      "         0.0601391 ,  0.01575618],\n",
      "       [ 0.43722789, -0.12903841, -0.26508799, ...,  0.02873731,\n",
      "         0.01575618,  0.10355038]], shape=(63, 63)), np.int64(8): array([[ 6.79454954e+00,  7.54937468e-01,  2.80357646e-01, ...,\n",
      "         3.41212496e-01,  3.94232356e-01, -1.84406630e-01],\n",
      "       [ 7.54937468e-01,  5.90974724e+00,  3.78262200e+00, ...,\n",
      "         2.10942980e-02,  2.43976416e-01,  5.22603737e-03],\n",
      "       [ 2.80357646e-01,  3.78262200e+00,  4.80088503e+00, ...,\n",
      "         7.05090532e-02,  5.04577886e-02,  4.62081695e-02],\n",
      "       ...,\n",
      "       [ 3.41212496e-01,  2.10942980e-02,  7.05090532e-02, ...,\n",
      "         3.13846769e-02,  1.12626423e-02, -1.36803063e-02],\n",
      "       [ 3.94232356e-01,  2.43976416e-01,  5.04577886e-02, ...,\n",
      "         1.12626423e-02,  5.54684299e-02, -1.24434494e-02],\n",
      "       [-1.84406630e-01,  5.22603737e-03,  4.62081695e-02, ...,\n",
      "        -1.36803063e-02, -1.24434494e-02,  1.60881155e-02]],\n",
      "      shape=(63, 63)), np.int64(9): array([[ 1.23170854e+01, -1.73252653e+00, -2.22632158e+00, ...,\n",
      "        -4.71575783e-01, -3.83777797e-01,  2.48758805e-02],\n",
      "       [-1.73252653e+00,  2.30417946e+00,  1.56011841e-01, ...,\n",
      "         2.01544658e-01,  2.06011435e-01, -2.78350785e-01],\n",
      "       [-2.22632158e+00,  1.56011841e-01,  7.31654166e-01, ...,\n",
      "         7.58222193e-02,  6.96345762e-02,  4.31129573e-02],\n",
      "       ...,\n",
      "       [-4.71575783e-01,  2.01544658e-01,  7.58222193e-02, ...,\n",
      "         6.35332315e-02,  1.84352833e-02,  6.86821562e-03],\n",
      "       [-3.83777797e-01,  2.06011435e-01,  6.96345762e-02, ...,\n",
      "         1.84352833e-02,  5.68778398e-02, -4.53751325e-02],\n",
      "       [ 2.48758805e-02, -2.78350785e-01,  4.31129573e-02, ...,\n",
      "         6.86821562e-03, -4.53751325e-02,  9.13103425e-02]],\n",
      "      shape=(63, 63)), np.int64(10): array([[ 0.4763795 , -0.43103617, -0.25843743, ..., -0.020944  ,\n",
      "         0.01324332,  0.00968465],\n",
      "       [-0.43103617,  0.92360618,  0.4487373 , ..., -0.19759138,\n",
      "         0.12104749, -0.0223312 ],\n",
      "       [-0.25843743,  0.4487373 ,  0.61953984, ...,  0.0092947 ,\n",
      "         0.01792767,  0.01843527],\n",
      "       ...,\n",
      "       [-0.020944  , -0.19759138,  0.0092947 , ...,  0.11163506,\n",
      "        -0.06976027,  0.0101943 ],\n",
      "       [ 0.01324332,  0.12104749,  0.01792767, ..., -0.06976027,\n",
      "         0.07693255,  0.01869919],\n",
      "       [ 0.00968465, -0.0223312 ,  0.01843527, ...,  0.0101943 ,\n",
      "         0.01869919,  0.02579534]], shape=(63, 63)), np.int64(11): array([[ 3.00614978,  2.17451009, -0.60570265, ...,  0.09878457,\n",
      "        -0.09400603, -0.12115908],\n",
      "       [ 2.17451009,  3.69958366, -0.03860624, ..., -0.14377186,\n",
      "         0.00579941, -0.07448097],\n",
      "       [-0.60570265, -0.03860624,  0.30368144, ..., -0.10446882,\n",
      "         0.06853592,  0.07020683],\n",
      "       ...,\n",
      "       [ 0.09878457, -0.14377186, -0.10446882, ...,  0.0732234 ,\n",
      "        -0.04254585, -0.01796438],\n",
      "       [-0.09400603,  0.00579941,  0.06853592, ..., -0.04254585,\n",
      "         0.03735466,  0.01310044],\n",
      "       [-0.12115908, -0.07448097,  0.07020683, ..., -0.01796438,\n",
      "         0.01310044,  0.03296684]], shape=(63, 63)), np.int64(12): array([[ 4.80725683e-01,  3.97195151e-01,  2.29229246e-02, ...,\n",
      "         2.20225784e-04, -8.79259067e-02,  4.46227328e-02],\n",
      "       [ 3.97195151e-01,  2.09308109e+00,  5.15749774e-01, ...,\n",
      "         2.78179522e-02, -1.33659249e-03,  5.50086890e-02],\n",
      "       [ 2.29229246e-02,  5.15749774e-01,  4.54084044e-01, ...,\n",
      "         1.15234732e-01,  6.76477907e-02, -1.47675236e-02],\n",
      "       ...,\n",
      "       [ 2.20225784e-04,  2.78179522e-02,  1.15234732e-01, ...,\n",
      "         8.67198674e-02,  1.64598790e-02, -1.78130752e-02],\n",
      "       [-8.79259067e-02, -1.33659249e-03,  6.76477907e-02, ...,\n",
      "         1.64598790e-02,  3.88416082e-02, -7.61516162e-03],\n",
      "       [ 4.46227328e-02,  5.50086890e-02, -1.47675236e-02, ...,\n",
      "        -1.78130752e-02, -7.61516162e-03,  2.96282311e-02]],\n",
      "      shape=(63, 63)), np.int64(13): array([[ 1.48082162e+00, -1.76014281e+00, -8.97588056e-02, ...,\n",
      "        -1.62671023e-01,  1.14234400e-01,  4.82978004e-02],\n",
      "       [-1.76014281e+00,  6.34645701e+00, -8.54810664e-01, ...,\n",
      "        -8.69565750e-02, -9.43917803e-02, -1.50980914e-02],\n",
      "       [-8.97588056e-02, -8.54810664e-01,  4.00423722e-01, ...,\n",
      "         4.64587383e-02, -5.52025475e-03, -2.17917166e-02],\n",
      "       ...,\n",
      "       [-1.62671023e-01, -8.69565750e-02,  4.64587383e-02, ...,\n",
      "         6.42690602e-02, -1.40846932e-02,  5.02109243e-03],\n",
      "       [ 1.14234400e-01, -9.43917803e-02, -5.52025475e-03, ...,\n",
      "        -1.40846932e-02,  1.58837488e-02,  1.45203544e-02],\n",
      "       [ 4.82978004e-02, -1.50980914e-02, -2.17917166e-02, ...,\n",
      "         5.02109243e-03,  1.45203544e-02,  3.02069532e-02]],\n",
      "      shape=(63, 63)), np.int64(14): array([[ 5.34964149e+00,  1.11505841e+00, -1.40436575e+00, ...,\n",
      "         2.40552851e-01,  4.82556251e-02, -1.25254168e-01],\n",
      "       [ 1.11505841e+00,  8.27257908e-01, -4.32932598e-01, ...,\n",
      "         2.62521456e-02,  9.65890274e-02, -7.81235264e-02],\n",
      "       [-1.40436575e+00, -4.32932598e-01,  6.27786150e-01, ...,\n",
      "        -3.37656367e-02,  2.29786355e-02, -5.36637424e-03],\n",
      "       ...,\n",
      "       [ 2.40552851e-01,  2.62521456e-02, -3.37656367e-02, ...,\n",
      "         2.22051175e-02,  5.21129364e-03, -4.94885807e-03],\n",
      "       [ 4.82556251e-02,  9.65890274e-02,  2.29786355e-02, ...,\n",
      "         5.21129364e-03,  4.98774835e-02, -2.25994051e-02],\n",
      "       [-1.25254168e-01, -7.81235264e-02, -5.36637424e-03, ...,\n",
      "        -4.94885807e-03, -2.25994051e-02,  4.12837976e-02]],\n",
      "      shape=(63, 63)), np.int64(15): array([[ 8.39708716e+00,  3.55895821e+00, -4.21332813e+00, ...,\n",
      "         5.32161816e-01,  1.60903963e-01,  3.43381731e-01],\n",
      "       [ 3.55895821e+00,  3.08051487e+00, -1.64380509e+00, ...,\n",
      "         5.60109075e-01,  3.52393195e-02,  1.02426118e-01],\n",
      "       [-4.21332813e+00, -1.64380509e+00,  6.21571449e+00, ...,\n",
      "        -7.20376118e-04, -5.72776952e-02, -9.69880537e-02],\n",
      "       ...,\n",
      "       [ 5.32161816e-01,  5.60109075e-01, -7.20376118e-04, ...,\n",
