{
 "cells": [
  {
   "cell_type": "code",
   "execution_count": 6,
   "id": "209c77a0",
   "metadata": {},
   "outputs": [],
   "source": [
    "%reload_ext autoreload\n",
    "%autoreload 2\n",
    "import numpy as np\n",
    "import pandas as pd\n",
    "import matplotlib.pyplot as plt\n",
    "import time\n",
    "from IPython.display import display\n",
    "from abc import ABC, abstractmethod\n",
    "from scipy.spatial import cKDTree # Para otimização do 1-NN\n",
    "from typing import Dict, List, Tuple, Any\n",
    "from compara_todos import compara_todos "
   ]
  },
  {
   "cell_type": "markdown",
   "id": "3497d468",
   "metadata": {},
   "source": [
    "# Testes"
   ]
  },
  {
   "cell_type": "code",
   "execution_count": 7,
   "id": "15939a6c",
   "metadata": {},
   "outputs": [],
   "source": [
    "Nr = 50      # Número de rodadas\n",
    "Ptrain = 80  # Percentual de treino"
   ]
  },
  {
   "cell_type": "code",
   "execution_count": 8,
   "id": "8f05f1d7",
   "metadata": {},
   "outputs": [
    {
     "name": "stdout",
     "output_type": "stream",
     "text": [
      "--- CARREGANDO DADOS DE 'recfaces400PCA98var.dat' ---\n",
      "\n",
      "--- INICIANDO AVALIAÇÃO DOS CLASSIFICADORES (50 repetições, 80% treino) ---\n",
      "Avaliando: QDA (Quadrático)...\n",
      "Classificador: QDA (Quadrático)\n",
      "Executando QDA...\n",
      "{np.int64(1): array([[ 4.22097609e+00,  1.40174303e+00,  1.17711462e+00, ...,\n",
      "         1.20033591e-01,  9.82550623e-02,  1.94103094e-01],\n",
      "       [ 1.40174303e+00,  5.03859966e+00,  3.02169937e+00, ...,\n",
      "         1.16530303e-01, -7.17357445e-03,  1.79664963e-01],\n",
      "       [ 1.17711462e+00,  3.02169937e+00,  2.35827640e+00, ...,\n",
      "         1.67742961e-01,  5.16074302e-03,  1.20331789e-01],\n",
      "       ...,\n",
      "       [ 1.20033591e-01,  1.16530303e-01,  1.67742961e-01, ...,\n",
      "         2.94811690e-02,  8.10974655e-05,  9.26485800e-03],\n",
      "       [ 9.82550623e-02, -7.17357445e-03,  5.16074302e-03, ...,\n",
      "         8.10974655e-05,  1.13716604e-02,  2.19955055e-03],\n",
      "       [ 1.94103094e-01,  1.79664963e-01,  1.20331789e-01, ...,\n",
      "         9.26485800e-03,  2.19955055e-03,  1.97572961e-02]],\n",
      "      shape=(69, 69)), np.int64(2): array([[ 0.03498468, -0.04613722,  0.05504462, ..., -0.00980366,\n",
      "        -0.01448906, -0.00789973],\n",
      "       [-0.04613722,  0.06853182, -0.08174232, ...,  0.02072164,\n",
      "         0.01613618,  0.0090987 ],\n",
      "       [ 0.05504462, -0.08174232,  0.09866515, ..., -0.02179684,\n",
      "        -0.01923853, -0.01092099],\n",
      "       ...,\n",
      "       [-0.00980366,  0.02072164, -0.02179684, ...,  0.02138724,\n",
      "         0.00047629, -0.00360762],\n",
      "       [-0.01448906,  0.01613618, -0.01923853, ...,  0.00047629,\n",
      "         0.00758205,  0.00455558],\n",
      "       [-0.00789973,  0.0090987 , -0.01092099, ..., -0.00360762,\n",
      "         0.00455558,  0.00865522]], shape=(69, 69)), np.int64(3): array([[ 1.87473566e+00,  3.25253718e+00,  9.77043132e-01, ...,\n",
      "        -1.53719641e-02, -1.54274268e-02,  1.29715353e-02],\n",
      "       [ 3.25253718e+00,  6.02818808e+00,  1.88068742e+00, ...,\n",
      "        -2.73980397e-02,  1.42664689e-02,  5.30492537e-02],\n",
      "       [ 9.77043132e-01,  1.88068742e+00,  6.02664699e-01, ...,\n",
      "        -3.85182668e-03,  1.87910240e-02,  1.83663895e-02],\n",
      "       ...,\n",
      "       [-1.53719641e-02, -2.73980397e-02, -3.85182668e-03, ...,\n",
      "         2.12856068e-02,  2.25382894e-02, -3.73598652e-03],\n",
      "       [-1.54274268e-02,  1.42664689e-02,  1.87910240e-02, ...,\n",
      "         2.25382894e-02,  3.02357401e-02, -2.62034630e-03],\n",
      "       [ 1.29715353e-02,  5.30492537e-02,  1.83663895e-02, ...,\n",
      "        -3.73598652e-03, -2.62034630e-03,  5.26016475e-03]],\n",
      "      shape=(69, 69)), np.int64(4): array([[ 4.65520920e+00,  2.05444993e+00,  1.98189603e+00, ...,\n",
      "         2.16983005e-02,  1.13573586e-01, -4.66025511e-02],\n",
      "       [ 2.05444993e+00,  2.63903563e+00,  1.80517022e+00, ...,\n",
      "        -3.57502846e-02, -6.77502830e-03, -3.79595217e-02],\n",
      "       [ 1.98189603e+00,  1.80517022e+00,  1.41355919e+00, ...,\n",
      "        -3.47141962e-03,  2.44544651e-02, -2.25176603e-02],\n",
      "       ...,\n",
      "       [ 2.16983005e-02, -3.57502846e-02, -3.47141962e-03, ...,\n",
      "         1.31863009e-02,  6.37343688e-03,  1.18880011e-03],\n",
      "       [ 1.13573586e-01, -6.77502830e-03,  2.44544651e-02, ...,\n",
      "         6.37343688e-03,  9.27894608e-03, -1.75727575e-03],\n",
      "       [-4.66025511e-02, -3.79595217e-02, -2.25176603e-02, ...,\n",
      "         1.18880011e-03, -1.75727575e-03,  4.78780687e-03]],\n",
      "      shape=(69, 69)), np.int64(5): array([[ 4.38568153e+00,  2.02475929e+00,  1.92690914e+00, ...,\n",
      "         1.91452747e-02,  8.58203374e-02,  6.68330663e-02],\n",
      "       [ 2.02475929e+00,  4.42000008e+00,  2.65128283e+00, ...,\n",
      "        -1.47417575e-02,  2.05541057e-02,  1.72989935e-01],\n",
      "       [ 1.92690914e+00,  2.65128283e+00,  1.73864534e+00, ...,\n",
      "        -4.80816524e-03,  2.56703834e-02,  1.00937111e-01],\n",
      "       ...,\n",
      "       [ 1.91452747e-02, -1.47417575e-02, -4.80816524e-03, ...,\n",
      "         4.34578663e-03,  2.45182891e-03,  9.10829750e-06],\n",
      "       [ 8.58203374e-02,  2.05541057e-02,  2.56703834e-02, ...,\n",
      "         2.45182891e-03,  6.64514163e-03,  3.29031673e-03],\n",
      "       [ 6.68330663e-02,  1.72989935e-01,  1.00937111e-01, ...,\n",
      "         9.10829750e-06,  3.29031673e-03,  2.04464826e-02]],\n",
      "      shape=(69, 69)), np.int64(6): array([[ 6.47672562, -1.1457103 , -2.78348725, ..., -0.05523922,\n",
      "        -0.00711995,  0.1021961 ],\n",
      "       [-1.1457103 ,  1.47695647,  0.59506801, ..., -0.06685409,\n",
      "         0.04823911, -0.08797634],\n",
      "       [-2.78348725,  0.59506801,  1.54867535, ..., -0.02184881,\n",
      "         0.05621152, -0.07913541],\n",
      "       ...,\n",
      "       [-0.05523922, -0.06685409, -0.02184881, ...,  0.01035442,\n",
      "        -0.00987614,  0.00790152],\n",
      "       [-0.00711995,  0.04823911,  0.05621152, ..., -0.00987614,\n",
      "         0.01310612, -0.01310544],\n",
      "       [ 0.1021961 , -0.08797634, -0.07913541, ...,  0.00790152,\n",
      "        -0.01310544,  0.02152902]], shape=(69, 69)), np.int64(7): array([[ 3.70265761, -1.18160508, -0.29317192, ...,  0.1953611 ,\n",
      "         0.04620113, -0.11003013],\n",
      "       [-1.18160508,  3.53618846,  1.02134692, ..., -0.12589479,\n",
      "        -0.12781001, -0.06243527],\n",
      "       [-0.29317192,  1.02134692,  0.39747366, ..., -0.03114538,\n",
      "        -0.04190123,  0.00541555],\n",
      "       ...,\n",
      "       [ 0.1953611 , -0.12589479, -0.03114538, ...,  0.01913481,\n",
      "         0.00814737, -0.00658729],\n",
      "       [ 0.04620113, -0.12781001, -0.04190123, ...,  0.00814737,\n",
      "         0.02930284, -0.01643326],\n",
      "       [-0.11003013, -0.06243527,  0.00541555, ..., -0.00658729,\n",
      "        -0.01643326,  0.03097977]], shape=(69, 69)), np.int64(8): array([[ 3.17426831e+00, -1.21298308e+00,  1.75110192e-01, ...,\n",
      "        -9.08747137e-02, -1.62047047e-01, -1.91176654e-02],\n",
      "       [-1.21298308e+00,  3.91847654e+00,  1.65917033e+00, ...,\n",
      "        -6.44132410e-02,  5.30284802e-02, -3.58889763e-02],\n",
      "       [ 1.75110192e-01,  1.65917033e+00,  1.15551702e+00, ...,\n",
      "        -5.13114908e-02,  2.14463823e-02,  2.83710829e-02],\n",
      "       ...,\n",
      "       [-9.08747137e-02, -6.44132410e-02, -5.13114908e-02, ...,\n",
      "         1.89107749e-02, -1.04349355e-02, -1.54507891e-03],\n",
      "       [-1.62047047e-01,  5.30284802e-02,  2.14463823e-02, ...,\n",
      "        -1.04349355e-02,  3.99717212e-02,  2.17669012e-02],\n",
      "       [-1.91176654e-02, -3.58889763e-02,  2.83710829e-02, ...,\n",
      "        -1.54507891e-03,  2.17669012e-02,  2.42927491e-02]],\n",
      "      shape=(69, 69)), np.int64(9): array([[ 6.12781318e+00, -3.86796331e+00, -1.00374475e+00, ...,\n",
      "         9.11703952e-02,  3.58074845e-02,  9.85340282e-03],\n",
      "       [-3.86796331e+00,  3.10559370e+00,  7.59834020e-01, ...,\n",
      "        -1.42046615e-01,  9.69680329e-03,  4.49110250e-02],\n",
      "       [-1.00374475e+00,  7.59834020e-01,  2.91805601e-01, ...,\n",
      "        -2.29487633e-02, -7.81616424e-02,  1.99891136e-02],\n",
      "       ...,\n",
      "       [ 9.11703952e-02, -1.42046615e-01, -2.29487633e-02, ...,\n",
      "         2.09721948e-02, -1.80387182e-02,  3.75781484e-03],\n",
      "       [ 3.58074845e-02,  9.69680329e-03, -7.81616424e-02, ...,\n",
      "        -1.80387182e-02,  7.05299805e-02, -1.48634801e-02],\n",
      "       [ 9.85340282e-03,  4.49110250e-02,  1.99891136e-02, ...,\n",
      "         3.75781484e-03, -1.48634801e-02,  4.31250586e-02]],\n",
      "      shape=(69, 69)), np.int64(10): array([[ 1.89427582e+00, -1.75458617e+00,  2.97913738e-01, ...,\n",
      "         1.82374093e-02, -1.52746100e-02, -2.31491800e-02],\n",
      "       [-1.75458617e+00,  2.19028859e+00, -8.55002570e-02, ...,\n",
      "         4.95356470e-02,  9.39955954e-02,  2.40573849e-02],\n",
      "       [ 2.97913738e-01, -8.55002570e-02,  3.46853385e-01, ...,\n",
      "        -2.45982646e-04,  4.14696617e-02,  6.87539770e-03],\n",
      "       ...,\n",
      "       [ 1.82374093e-02,  4.95356470e-02, -2.45982646e-04, ...,\n",
      "         2.40614732e-02,  2.11769486e-02, -6.63111395e-03],\n",
      "       [-1.52746100e-02,  9.39955954e-02,  4.14696617e-02, ...,\n",
      "         2.11769486e-02,  5.66659068e-02,  1.33061755e-02],\n",
      "       [-2.31491800e-02,  2.40573849e-02,  6.87539770e-03, ...,\n",
      "        -6.63111395e-03,  1.33061755e-02,  1.71103353e-02]],\n",
      "      shape=(69, 69)), np.int64(11): array([[ 0.76785055, -0.67403601, -0.0885281 , ..., -0.03298517,\n",
      "         0.05943607,  0.04015209],\n",
      "       [-0.67403601,  1.32164304,  0.75226198, ..., -0.00443269,\n",
      "        -0.12637347,  0.01400482],\n",
      "       [-0.0885281 ,  0.75226198,  0.77540103, ..., -0.02675788,\n",
      "        -0.079109  ,  0.03532974],\n",
      "       ...,\n",
      "       [-0.03298517, -0.00443269, -0.02675788, ...,  0.01974524,\n",
      "        -0.00586254, -0.0063791 ],\n",
      "       [ 0.05943607, -0.12637347, -0.079109  , ..., -0.00586254,\n",
      "         0.03597445,  0.01089198],\n",
      "       [ 0.04015209,  0.01400482,  0.03532974, ..., -0.0063791 ,\n",
      "         0.01089198,  0.02492067]], shape=(69, 69)), np.int64(12): array([[ 1.15289681, -1.32681662,  0.43165593, ..., -0.01869464,\n",
      "        -0.10338647, -0.00659189],\n",
      "       [-1.32681662,  1.62734964, -0.49275216, ...,  0.03628613,\n",
      "         0.10314996,  0.02763775],\n",
      "       [ 0.43165593, -0.49275216,  1.05001244, ...,  0.00852854,\n",
      "        -0.02699374, -0.02593   ],\n",
      "       ...,\n",
      "       [-0.01869464,  0.03628613,  0.00852854, ...,  0.02296963,\n",
      "        -0.00764403,  0.00732898],\n",
      "       [-0.10338647,  0.10314996, -0.02699374, ..., -0.00764403,\n",
      "         0.01873404, -0.00391124],\n",
      "       [-0.00659189,  0.02763775, -0.02593   , ...,  0.00732898,\n",
      "        -0.00391124,  0.00866054]], shape=(69, 69)), np.int64(13): array([[ 3.48966807e+00,  3.51552167e-01,  9.99987817e-01, ...,\n",
      "        -2.50403594e-01, -3.48274802e-02, -8.08075986e-02],\n",
      "       [ 3.51552167e-01,  1.91294261e+00,  1.35048813e+00, ...,\n",
      "        -5.92261564e-02, -4.02174428e-02, -5.63871989e-02],\n",
      "       [ 9.99987817e-01,  1.35048813e+00,  1.26973884e+00, ...,\n",
      "        -7.49168024e-02, -1.67486651e-02, -3.85061215e-02],\n",
      "       ...,\n",
      "       [-2.50403594e-01, -5.92261564e-02, -7.49168024e-02, ...,\n",
      "         2.81330684e-02,  9.03964481e-03,  7.05815104e-03],\n",
      "       [-3.48274802e-02, -4.02174428e-02, -1.67486651e-02, ...,\n",
      "         9.03964481e-03,  7.33262828e-03,  4.70679834e-04],\n",
      "       [-8.08075986e-02, -5.63871989e-02, -3.85061215e-02, ...,\n",
      "         7.05815104e-03,  4.70679834e-04,  2.22195591e-02]],\n",
      "      shape=(69, 69)), np.int64(14): array([[ 2.59143100e+00, -1.61510945e+00, -1.38626741e+00, ...,\n",
      "        -1.49034925e-01,  1.92112611e-02, -1.00812958e-02],\n",
      "       [-1.61510945e+00,  1.24559011e+00,  7.96346894e-01, ...,\n",
      "         7.37397399e-02, -2.09698248e-02,  6.89883883e-03],\n",
      "       [-1.38626741e+00,  7.96346894e-01,  8.10872363e-01, ...,\n",
      "         7.83589708e-02, -1.44723497e-02,  1.40860631e-02],\n",
      "       ...,\n",
      "       [-1.49034925e-01,  7.37397399e-02,  7.83589708e-02, ...,\n",
      "         1.29003164e-02,  9.46951997e-04, -9.49814917e-05],\n",
      "       [ 1.92112611e-02, -2.09698248e-02, -1.44723497e-02, ...,\n",
      "         9.46951997e-04,  4.53762832e-03, -1.19517981e-03],\n",
      "       [-1.00812958e-02,  6.89883883e-03,  1.40860631e-02, ...,\n",
      "        -9.49814917e-05, -1.19517981e-03,  4.58084025e-03]],\n",
      "      shape=(69, 69)), np.int64(15): array([[ 6.340273  , -0.31749044, -0.23519548, ...,  0.32399599,\n",
      "        -0.32823589,  0.04405398],\n",
      "       [-0.31749044,  5.29735634,  1.77330946, ..., -0.19825341,\n",
      "         0.16189104,  0.19778734],\n",
      "       [-0.23519548,  1.77330946,  0.91409776, ..., -0.14158786,\n",
      "         0.04405154,  0.06855574],\n",
      "       ...,\n",
      "       [ 0.32399599, -0.19825341, -0.14158786, ...,  0.0509756 ,\n",
      "        -0.02967384, -0.01723366],\n",
      "       [-0.32823589,  0.16189104,  0.04405154, ..., -0.02967384,\n",
      "         0.03445866,  0.01375367],\n",
      "       [ 0.04405398,  0.19778734,  0.06855574, ..., -0.01723366,\n",
      "         0.01375367,  0.01957866]], shape=(69, 69))}\n",
      "{np.int64(1): array([[ 3.86904235e+00,  4.18500863e+00,  3.10802407e+00, ...,\n",
      "         2.34660490e-01,  7.28031209e-02,  2.64774480e-01],\n",
      "       [ 4.18500863e+00,  5.28093046e+00,  3.11033281e+00, ...,\n",
      "         1.37897997e-01,  5.87225324e-02,  2.97272152e-01],\n",
      "       [ 3.10802407e+00,  3.11033281e+00,  2.59061291e+00, ...,\n",
      "         2.22775074e-01,  7.06669283e-02,  2.02683453e-01],\n",
      "       ...,\n",
      "       [ 2.34660490e-01,  1.37897997e-01,  2.22775074e-01, ...,\n",
      "         4.19781570e-02,  1.31347732e-03,  1.91949181e-02],\n",
      "       [ 7.28031209e-02,  5.87225324e-02,  7.06669283e-02, ...,\n",
      "         1.31347732e-03,  1.14677383e-02, -1.18544425e-03],\n",
      "       [ 2.64774480e-01,  2.97272152e-01,  2.02683453e-01, ...,\n",
      "         1.91949181e-02, -1.18544425e-03,  2.33436627e-02]],\n",
      "      shape=(69, 69)), np.int64(2): array([[ 1.91502314e+00, -3.28851710e-02,  2.13000038e-01, ...,\n",
      "        -1.23469714e-01, -3.01601532e-02, -6.94477797e-02],\n",
      "       [-3.28851710e-02,  1.06031599e+00,  4.46483415e-01, ...,\n",
      "        -6.77800597e-03, -8.50548990e-03, -2.01700995e-01],\n",
      "       [ 2.13000038e-01,  4.46483415e-01,  3.48406219e-01, ...,\n",
      "        -6.77243461e-02, -6.63833526e-03, -1.03077970e-01],\n",
      "       ...,\n",
      "       [-1.23469714e-01, -6.77800597e-03, -6.77243461e-02, ...,\n",
      "         3.80340771e-02,  4.19049014e-05,  2.86381688e-03],\n",
      "       [-3.01601532e-02, -8.50548990e-03, -6.63833526e-03, ...,\n",
      "         4.19049014e-05,  1.77857686e-03,  3.83241595e-03],\n",
      "       [-6.94477797e-02, -2.01700995e-01, -1.03077970e-01, ...,\n",
      "         2.86381688e-03,  3.83241595e-03,  4.63194499e-02]],\n",
      "      shape=(69, 69)), np.int64(3): array([[ 7.64567388e+00, -2.84443843e-01,  7.26609644e-01, ...,\n",
      "        -2.44184548e-01, -8.21110724e-02,  8.88569973e-02],\n",
      "       [-2.84443843e-01,  8.51429777e+00,  2.04302567e+00, ...,\n",
      "        -1.95774190e-03, -4.85941314e-02, -3.26753654e-02],\n",
      "       [ 7.26609644e-01,  2.04302567e+00,  5.74130815e-01, ...,\n",
      "        -2.27855513e-02, -1.84052697e-02, -7.75786363e-04],\n",
      "       ...,\n",
      "       [-2.44184548e-01, -1.95774190e-03, -2.27855513e-02, ...,\n",
      "         4.52290640e-02,  1.96977346e-02, -1.98331572e-02],\n",
      "       [-8.21110724e-02, -4.85941314e-02, -1.84052697e-02, ...,\n",
      "         1.96977346e-02,  1.50859564e-02, -8.36353585e-03],\n",
      "       [ 8.88569973e-02, -3.26753654e-02, -7.75786363e-04, ...,\n",
      "        -1.98331572e-02, -8.36353585e-03,  1.23363053e-02]],\n",
      "      shape=(69, 69)), np.int64(4): array([[ 4.58639689e+00,  2.04515171e+00,  1.89895597e+00, ...,\n",
      "         2.18647407e-02,  1.01714785e-01, -6.83145370e-02],\n",
      "       [ 2.04515171e+00,  2.84485308e+00,  1.78227474e+00, ...,\n",
      "        -2.72868387e-02, -3.26611028e-02, -9.22449071e-02],\n",
      "       [ 1.89895597e+00,  1.78227474e+00,  1.32153960e+00, ...,\n",
      "        -9.41174103e-04,  8.96636761e-03, -3.72455720e-02],\n",
      "       ...,\n",
      "       [ 2.18647407e-02, -2.72868387e-02, -9.41174103e-04, ...,\n",
      "         1.42503849e-02,  5.09871710e-03,  2.00665441e-03],\n",
      "       [ 1.01714785e-01, -3.26611028e-02,  8.96636761e-03, ...,\n",
      "         5.09871710e-03,  9.72332885e-03, -1.67763992e-03],\n",
      "       [-6.83145370e-02, -9.22449071e-02, -3.72455720e-02, ...,\n",
      "         2.00665441e-03, -1.67763992e-03,  2.01702339e-02]],\n",
      "      shape=(69, 69)), np.int64(5): array([[ 0.03346997, -0.0326428 , -0.00785463, ..., -0.00049028,\n",
      "        -0.0036434 , -0.022955  ],\n",
      "       [-0.0326428 ,  0.0325215 ,  0.00759726, ...,  0.00017185,\n",
      "         0.00373949,  0.02227968],\n",
      "       [-0.00785463,  0.00759726,  0.00853996, ..., -0.0001031 ,\n",
      "         0.00085131,  0.00745281],\n",
      "       ...,\n",
      "       [-0.00049028,  0.00017185, -0.0001031 , ...,  0.00544068,\n",
      "         0.0038186 ,  0.00102183],\n",
      "       [-0.0036434 ,  0.00373949,  0.00085131, ...,  0.0038186 ,\n",
      "         0.00425194,  0.00339868],\n",
      "       [-0.022955  ,  0.02227968,  0.00745281, ...,  0.00102183,\n",
      "         0.00339868,  0.01755651]], shape=(69, 69)), np.int64(6): array([[ 5.21369828e+00, -8.85813509e-01, -2.26287263e+00, ...,\n",
      "        -2.37880816e-02,  1.14127370e-02,  7.10088073e-02],\n",
      "       [-8.85813509e-01,  1.14989486e+00,  4.59508313e-01, ...,\n",
      "        -5.16521112e-02,  3.72555124e-02, -6.70488824e-02],\n",
      "       [-2.26287263e+00,  4.59508313e-01,  1.25909454e+00, ...,\n",
      "        -2.75609657e-02,  3.45971542e-02, -5.74647008e-02],\n",
      "       ...,\n",
      "       [-2.37880816e-02, -5.16521112e-02, -2.75609657e-02, ...,\n",
      "         1.01933735e-02, -5.65754073e-03,  4.84403919e-03],\n",
      "       [ 1.14127370e-02,  3.72555124e-02,  3.45971542e-02, ...,\n",
      "        -5.65754073e-03,  1.24262830e-02, -1.22801190e-02],\n",
      "       [ 7.10088073e-02, -6.70488824e-02, -5.74647008e-02, ...,\n",
      "         4.84403919e-03, -1.22801190e-02,  1.98371329e-02]],\n",
      "      shape=(69, 69)), np.int64(7): array([[ 5.11232977e+00, -1.44765143e+00, -3.03214564e-01, ...,\n",
      "         2.61108046e-01,  5.91621583e-02, -1.14622249e-01],\n",
      "       [-1.44765143e+00,  4.64411487e+00,  1.31824747e+00, ...,\n",
      "        -1.62779341e-01, -1.83910425e-01, -1.22966616e-01],\n",
      "       [-3.03214564e-01,  1.31824747e+00,  4.86055443e-01, ...,\n",
      "        -3.19559136e-02, -6.07193201e-02, -2.01932278e-02],\n",
      "       ...,\n",
      "       [ 2.61108046e-01, -1.62779341e-01, -3.19559136e-02, ...,\n",
      "         2.47298855e-02,  8.53528930e-03, -2.04467087e-03],\n",
      "       [ 5.91621583e-02, -1.83910425e-01, -6.07193201e-02, ...,\n",
      "         8.53528930e-03,  2.30780843e-02, -8.19430828e-03],\n",
      "       [-1.14622249e-01, -1.22966616e-01, -2.01932278e-02, ...,\n",
      "        -2.04467087e-03, -8.19430828e-03,  2.05273909e-02]],\n",
      "      shape=(69, 69)), np.int64(8): array([[ 2.97768395e+00, -1.11602828e+00,  1.76143593e-01, ...,\n",
      "        -4.56106553e-02, -1.73542520e-01,  9.26246012e-04],\n",
      "       [-1.11602828e+00,  3.56787493e+00,  1.47480698e+00, ...,\n",
      "        -3.22495155e-02,  6.21583131e-02,  1.15241025e-02],\n",
      "       [ 1.76143593e-01,  1.47480698e+00,  1.02738756e+00, ...,\n",
      "        -4.31332533e-02,  1.15035911e-02,  2.09005986e-02],\n",
      "       ...,\n",
      "       [-4.56106553e-02, -3.22495155e-02, -4.31332533e-02, ...,\n",
      "         3.27689184e-02, -1.90497613e-02,  8.40905829e-03],\n",
      "       [-1.73542520e-01,  6.21583131e-02,  1.15035911e-02, ...,\n",
      "        -1.90497613e-02,  3.55054276e-02,  5.97137875e-03],\n",
      "       [ 9.26246012e-04,  1.15241025e-02,  2.09005986e-02, ...,\n",
      "         8.40905829e-03,  5.97137875e-03,  1.89390954e-02]],\n",
      "      shape=(69, 69)), np.int64(9): array([[ 1.81195216,  0.85939832,  0.47019194, ..., -0.01727533,\n",
      "         0.03185743, -0.02182277],\n",
      "       [ 0.85939832,  0.91328761,  0.43246963, ...,  0.0316989 ,\n",
      "         0.07899544, -0.04482229],\n",
      "       [ 0.47019194,  0.43246963,  0.30844056, ...,  0.02438758,\n",
      "        -0.01270493, -0.0209578 ],\n",
      "       ...,\n",
      "       [-0.01727533,  0.0316989 ,  0.02438758, ...,  0.01308252,\n",
      "        -0.01464415,  0.00198419],\n",
      "       [ 0.03185743,  0.07899544, -0.01270493, ..., -0.01464415,\n",
      "         0.05837393, -0.00948299],\n",
      "       [-0.02182277, -0.04482229, -0.0209578 , ...,  0.00198419,\n",
      "        -0.00948299,  0.03819089]], shape=(69, 69)), np.int64(10): array([[ 1.74780884, -1.64004847,  0.2939461 , ...,  0.02389357,\n",
      "        -0.00363072, -0.01824472],\n",
      "       [-1.64004847,  2.0479539 , -0.11260247, ...,  0.03437976,\n",
      "         0.07105513,  0.01845413],\n",
      "       [ 0.2939461 , -0.11260247,  0.32157468, ...,  0.00327813,\n",
      "         0.04138926,  0.00717304],\n",
      "       ...,\n",
      "       [ 0.02389357,  0.03437976,  0.00327813, ...,  0.02231007,\n",
      "         0.0200178 , -0.00561439],\n",
      "       [-0.00363072,  0.07105513,  0.04138926, ...,  0.0200178 ,\n",
      "         0.05191539,  0.01219015],\n",
      "       [-0.01824472,  0.01845413,  0.00717304, ..., -0.00561439,\n",
      "         0.01219015,  0.01529417]], shape=(69, 69)), np.int64(11): array([[ 0.8304807 , -1.01491244, -0.28911844, ..., -0.00856681,\n",
      "         0.09256825,  0.02615707],\n",
      "       [-1.01491244,  1.53455915,  0.69033028, ...,  0.00506762,\n",
      "        -0.12513029,  0.00602628],\n",
      "       [-0.28911844,  0.69033028,  0.56836364, ...,  0.0169226 ,\n",
      "        -0.04649238,  0.02019092],\n",
      "       ...,\n",
      "       [-0.00856681,  0.00506762,  0.0169226 , ...,  0.01541391,\n",
      "        -0.01489259, -0.00926442],\n",
      "       [ 0.09256825, -0.12513029, -0.04649238, ..., -0.01489259,\n",
      "         0.03533123,  0.01571828],\n",
      "       [ 0.02615707,  0.00602628,  0.02019092, ..., -0.00926442,\n",
      "         0.01571828,  0.02686812]], shape=(69, 69)), np.int64(12): array([[ 1.16843226, -1.32102389,  0.53829966, ..., -0.01629519,\n",
      "        -0.11046513, -0.00468969],\n",
      "       [-1.32102389,  1.58251564, -0.64555985, ...,  0.03380875,\n",
      "         0.10740381,  0.02077569],\n",
      "       [ 0.53829966, -0.64555985,  0.99294911, ...,  0.01118154,\n",
      "        -0.04733814, -0.04389811],\n",
      "       ...,\n",
      "       [-0.01629519,  0.03380875,  0.01118154, ...,  0.02309826,\n",
      "        -0.0082427 ,  0.00707949],\n",
      "       [-0.11046513,  0.10740381, -0.04733814, ..., -0.0082427 ,\n",
      "         0.02094826, -0.00366738],\n",
      "       [-0.00468969,  0.02077569, -0.04389811, ...,  0.00707949,\n",
      "        -0.00366738,  0.00767361]], shape=(69, 69)), np.int64(13): array([[ 1.25048432e+00, -1.36289861e+00, -4.64155183e-01, ...,\n",
      "        -5.48538456e-02,  3.08581261e-02,  4.02386909e-02],\n",
      "       [-1.36289861e+00,  1.87516169e+00,  1.01072844e+00, ...,\n",
      "         8.20636348e-02, -6.16031073e-03, -4.09586879e-02],\n",
      "       [-4.64155183e-01,  1.01072844e+00,  8.32745629e-01, ...,\n",
      "         5.00974003e-02,  2.53110836e-02, -1.71695475e-02],\n",
      "       ...,\n",
      "       [-5.48538456e-02,  8.20636348e-02,  5.00974003e-02, ...,\n",
      "         1.26520765e-02,  5.58733967e-03,  8.42491872e-04],\n",
      "       [ 3.08581261e-02, -6.16031073e-03,  2.53110836e-02, ...,\n",
      "         5.58733967e-03,  8.32787868e-03,  2.14659765e-03],\n",
      "       [ 4.02386909e-02, -4.09586879e-02, -1.71695475e-02, ...,\n",
      "         8.42491872e-04,  2.14659765e-03,  1.15133798e-02]],\n",
      "      shape=(69, 69)), np.int64(14): array([[ 3.36128636e+00, -5.37291558e-01, -1.10240439e+00, ...,\n",
      "        -9.18788801e-02,  1.83215760e-02, -2.24720458e-02],\n",
      "       [-5.37291558e-01,  1.87015112e+00,  8.18128681e-01, ...,\n",
      "         1.00024307e-01, -1.75825766e-02, -5.34222536e-03],\n",
      "       [-1.10240439e+00,  8.18128681e-01,  7.36711161e-01, ...,\n",
      "         7.46352423e-02, -1.27115120e-02,  1.08626192e-02],\n",
      "       ...,\n",
      "       [-9.18788801e-02,  1.00024307e-01,  7.46352423e-02, ...,\n",
      "         1.30249900e-02,  8.89512639e-04, -6.02957538e-04],\n",
      "       [ 1.83215760e-02, -1.75825766e-02, -1.27115120e-02, ...,\n",
      "         8.89512639e-04,  4.03491250e-03, -1.07828282e-03],\n",
      "       [-2.24720458e-02, -5.34222536e-03,  1.08626192e-02, ...,\n",
      "        -6.02957538e-04, -1.07828282e-03,  4.24442900e-03]],\n",
      "      shape=(69, 69)), np.int64(15): array([[ 4.81550986, -0.25271864, -0.2162659 , ...,  0.25388151,\n",
      "        -0.23007633,  0.03152399],\n",
      "       [-0.25271864,  4.6170205 ,  1.63238795, ..., -0.14765879,\n",
      "         0.05109951,  0.19876684],\n",
      "       [-0.2162659 ,  1.63238795,  0.73105883, ..., -0.09947845,\n",
      "         0.02554404,  0.0766433 ],\n",
      "       ...,\n",
      "       [ 0.25388151, -0.14765879, -0.09947845, ...,  0.03977063,\n",
      "        -0.02405506, -0.01526539],\n",
      "       [-0.23007633,  0.05109951,  0.02554404, ..., -0.02405506,\n",
      "         0.0278974 ,  0.0062615 ],\n",
      "       [ 0.03152399,  0.19876684,  0.0766433 , ..., -0.01526539,\n",
      "         0.0062615 ,  0.02431008]], shape=(69, 69))}\n",
      "{np.int64(1): array([[ 3.98542510e+00,  4.96624232e+00,  2.96836866e+00, ...,\n",
      "         1.34934449e-01,  3.00646962e-02,  2.47290992e-01],\n",
      "       [ 4.96624232e+00,  6.40971972e+00,  3.66012415e+00, ...,\n",
      "         1.38631775e-01,  8.36705928e-02,  3.06684060e-01],\n",
      "       [ 2.96836866e+00,  3.66012415e+00,  2.22258384e+00, ...,\n",
      "         1.03307869e-01,  1.50926872e-02,  1.80386298e-01],\n",
      "       ...,\n",
      "       [ 1.34934449e-01,  1.38631775e-01,  1.03307869e-01, ...,\n",
      "         2.24640047e-02, -6.22734532e-03,  1.24526713e-02],\n",
      "       [ 3.00646962e-02,  8.36705928e-02,  1.50926872e-02, ...,\n",
      "        -6.22734532e-03,  1.04286706e-02,  5.10567628e-04],\n",
      "       [ 2.47290992e-01,  3.06684060e-01,  1.80386298e-01, ...,\n",
      "         1.24526713e-02,  5.10567628e-04,  1.91962087e-02]],\n",
      "      shape=(69, 69)), np.int64(2): array([[ 1.7113393 , -0.04879845,  0.20702048, ..., -0.11208022,\n",
      "        -0.03246488, -0.05659819],\n",
      "       [-0.04879845,  1.03261268,  0.34031635, ...,  0.00730497,\n",
      "         0.0120392 , -0.16715284],\n",
      "       [ 0.20702048,  0.34031635,  0.35113469, ..., -0.06787182,\n",
      "        -0.01971975, -0.09177862],\n",
      "       ...,\n",
      "       [-0.11208022,  0.00730497, -0.06787182, ...,  0.03579872,\n",
      "         0.00274109,  0.00613134],\n",
      "       [-0.03246488,  0.0120392 , -0.01971975, ...,  0.00274109,\n",
      "         0.00622612,  0.00440959],\n",
      "       [-0.05659819, -0.16715284, -0.09177862, ...,  0.00613134,\n",
      "         0.00440959,  0.03865627]], shape=(69, 69)), np.int64(3): array([[ 3.31952999e+00,  3.46811524e+00,  1.18847824e+00, ...,\n",
      "        -1.37051719e-02, -4.48058274e-03, -3.73228302e-02],\n",
      "       [ 3.46811524e+00,  5.74394047e+00,  1.77595119e+00, ...,\n",
      "        -1.03659856e-01, -2.09609521e-02,  3.44303365e-02],\n",
      "       [ 1.18847824e+00,  1.77595119e+00,  5.62494081e-01, ...,\n",
      "        -2.29588262e-02, -3.50022689e-03,  5.02653254e-03],\n",
      "       ...,\n",
      "       [-1.37051719e-02, -1.03659856e-01, -2.29588262e-02, ...,\n",
      "         4.49162401e-02,  2.48670932e-02, -1.50610245e-02],\n",
      "       [-4.48058274e-03, -2.09609521e-02, -3.50022689e-03, ...,\n",
      "         2.48670932e-02,  1.99120104e-02, -5.76311946e-03],\n",
      "       [-3.73228302e-02,  3.44303365e-02,  5.02653254e-03, ...,\n",
      "        -1.50610245e-02, -5.76311946e-03,  8.67712868e-03]],\n",
      "      shape=(69, 69)), np.int64(4): array([[ 3.73694047e+00,  1.68296633e+00,  1.59232097e+00, ...,\n",
      "         1.63869411e-02,  9.08941338e-02, -5.01586632e-02],\n",
      "       [ 1.68296633e+00,  2.31189607e+00,  1.47693170e+00, ...,\n",
      "        -2.31916443e-02, -1.82879640e-02, -7.19323814e-02],\n",
      "       [ 1.59232097e+00,  1.47693170e+00,  1.13623350e+00, ...,\n",
      "        -2.04019571e-03,  1.76457248e-02, -2.51478741e-02],\n",
      "       ...,\n",
      "       [ 1.63869411e-02, -2.31916443e-02, -2.04019571e-03, ...,\n",
      "         1.15164111e-02,  3.71686848e-03,  1.73515567e-03],\n",
      "       [ 9.08941338e-02, -1.82879640e-02,  1.76457248e-02, ...,\n",
      "         3.71686848e-03,  9.55229213e-03, -1.13964752e-03],\n",
      "       [-5.01586632e-02, -7.19323814e-02, -2.51478741e-02, ...,\n",
      "         1.73515567e-03, -1.13964752e-03,  1.68539741e-02]],\n",
      "      shape=(69, 69)), np.int64(5): array([[4.39294023e+00, 2.04244777e+00, 1.94478607e+00, ...,\n",
      "        2.45579983e-02, 8.88722836e-02, 6.73310588e-02],\n",
      "       [2.04244777e+00, 4.39111683e+00, 2.66353832e+00, ...,\n",
      "        8.21582716e-03, 2.81926716e-02, 1.59647911e-01],\n",
      "       [1.94478607e+00, 2.66353832e+00, 1.76714243e+00, ...,\n",
      "        9.92159911e-03, 3.13185995e-02, 9.69539283e-02],\n",
      "       ...,\n",
      "       [2.45579983e-02, 8.21582716e-03, 9.92159911e-03, ...,\n",
      "        5.81849263e-03, 2.62045711e-03, 1.94117364e-03],\n",
      "       [8.88722836e-02, 2.81926716e-02, 3.13185995e-02, ...,\n",
      "        2.62045711e-03, 6.15959721e-03, 4.10919055e-03],\n",
      "       [6.73310588e-02, 1.59647911e-01, 9.69539283e-02, ...,\n",
      "        1.94117364e-03, 4.10919055e-03, 1.83258197e-02]], shape=(69, 69)), np.int64(6): array([[ 4.74394297e+00, -8.03053021e-01, -2.04720267e+00, ...,\n",
      "        -2.41018996e-02,  1.13892643e-02,  6.18349637e-02],\n",
      "       [-8.03053021e-01,  1.03556182e+00,  4.14754856e-01, ...,\n",
      "        -4.61832373e-02,  3.34039004e-02, -6.01102143e-02],\n",
      "       [-2.04720267e+00,  4.14754856e-01,  1.13536911e+00, ...,\n",
      "        -2.42509855e-02,  3.09075028e-02, -5.12918143e-02],\n",
      "       ...,\n",
      "       [-2.41018996e-02, -4.61832373e-02, -2.42509855e-02, ...,\n",
      "         9.31450503e-03, -5.15010010e-03,  4.46777760e-03],\n",
      "       [ 1.13892643e-02,  3.34039004e-02,  3.09075028e-02, ...,\n",
      "        -5.15010010e-03,  1.12078626e-02, -1.10970007e-02],\n",
      "       [ 6.18349637e-02, -6.01102143e-02, -5.12918143e-02, ...,\n",
      "         4.46777760e-03, -1.10970007e-02,  1.79366748e-02]],\n",
      "      shape=(69, 69)), np.int64(7): array([[ 4.52695189e+00, -1.34617236e+00, -3.08257561e-01, ...,\n",
      "         2.32319655e-01,  2.84740096e-02, -9.56954291e-02],\n",
      "       [-1.34617236e+00,  4.18338450e+00,  1.21482083e+00, ...,\n",
      "        -1.50720929e-01, -1.21359650e-01, -1.19391689e-01],\n",
      "       [-3.08257561e-01,  1.21482083e+00,  4.60831854e-01, ...,\n",
      "        -3.04144411e-02, -3.56853972e-02, -1.97255199e-02],\n",
      "       ...,\n",
      "       [ 2.32319655e-01, -1.50720929e-01, -3.04144411e-02, ...,\n",
      "         2.14157361e-02,  6.83126006e-03, -1.71250960e-03],\n",
      "       [ 2.84740096e-02, -1.21359650e-01, -3.56853972e-02, ...,\n",
      "         6.83126006e-03,  2.81671624e-02, -8.57146397e-03],\n",
      "       [-9.56954291e-02, -1.19391689e-01, -1.97255199e-02, ...,\n",
      "        -1.71250960e-03, -8.57146397e-03,  1.90976274e-02]],\n",
      "      shape=(69, 69)), np.int64(8): array([[ 3.784271  , -1.31751279,  0.35872493, ..., -0.03695374,\n",
      "        -0.23086549,  0.04723207],\n",
      "       [-1.31751279,  4.68020665,  1.82950053, ..., -0.02956547,\n",
      "         0.07399572,  0.02959649],\n",
      "       [ 0.35872493,  1.82950053,  1.26675753, ..., -0.04632937,\n",
      "         0.04037993,  0.08268536],\n",
      "       ...,\n",
      "       [-0.03695374, -0.02956547, -0.04632937, ...,  0.04397019,\n",
      "        -0.03237249,  0.00480875],\n",
      "       [-0.23086549,  0.07399572,  0.04037993, ..., -0.03237249,\n",
      "         0.05953885,  0.01377515],\n",
      "       [ 0.04723207,  0.02959649,  0.08268536, ...,  0.00480875,\n",
      "         0.01377515,  0.02781389]], shape=(69, 69)), np.int64(9): array([[ 4.91063445e+00, -1.66019009e+00, -1.56230447e-01, ...,\n",
      "         9.43642200e-02,  7.90315911e-02, -7.92436087e-02],\n",
      "       [-1.66019009e+00,  2.62771087e+00,  8.19136215e-01, ...,\n",
      "        -5.30250168e-02,  3.37291585e-02,  3.88507492e-03],\n",
      "       [-1.56230447e-01,  8.19136215e-01,  3.79950348e-01, ...,\n",
      "         2.53243012e-03, -2.03307127e-02, -8.33289870e-03],\n",
      "       ...,\n",
      "       [ 9.43642200e-02, -5.30250168e-02,  2.53243012e-03, ...,\n",
      "         1.54575330e-02, -1.14921234e-02, -2.11587033e-04],\n",
      "       [ 7.90315911e-02,  3.37291585e-02, -2.03307127e-02, ...,\n",
      "        -1.14921234e-02,  5.33097741e-02, -9.44984796e-03],\n",
      "       [-7.92436087e-02,  3.88507492e-03, -8.33289870e-03, ...,\n",
      "        -2.11587033e-04, -9.44984796e-03,  3.54549336e-02]],\n",
      "      shape=(69, 69)), np.int64(10): array([[ 1.60050952e+00, -1.52208495e+00,  2.76786712e-01, ...,\n",
      "         1.91008744e-02, -1.99345638e-03, -2.00351887e-02],\n",
      "       [-1.52208495e+00,  1.92029399e+00, -1.21840539e-01, ...,\n",
      "         3.49682247e-02,  6.18148967e-02,  2.26650183e-02],\n",
      "       [ 2.76786712e-01, -1.21840539e-01,  2.94864527e-01, ...,\n",
      "         1.88031180e-03,  3.78176243e-02,  4.84631324e-03],\n",
      "       ...,\n",
      "       [ 1.91008744e-02,  3.49682247e-02,  1.88031180e-03, ...,\n",
      "         2.02892408e-02,  1.79045910e-02, -4.73681229e-03],\n",
      "       [-1.99345638e-03,  6.18148967e-02,  3.78176243e-02, ...,\n",
      "         1.79045910e-02,  4.67829297e-02,  1.08035266e-02],\n",
      "       [-2.00351887e-02,  2.26650183e-02,  4.84631324e-03, ...,\n",
      "        -4.73681229e-03,  1.08035266e-02,  1.42402655e-02]],\n",
      "      shape=(69, 69)), np.int64(11): array([[ 0.76801323, -0.65993908, -0.12698213, ..., -0.01714115,\n",
      "         0.04762659,  0.06133636],\n",
      "       [-0.65993908,  1.35036512,  0.811454  , ..., -0.01768431,\n",
      "        -0.10773003, -0.02000497],\n",
      "       [-0.12698213,  0.811454  ,  0.77852829, ..., -0.01570764,\n",
      "        -0.0738644 ,  0.02170029],\n",
      "       ...,\n",
      "       [-0.01714115, -0.01768431, -0.01570764, ...,  0.01782364,\n",
      "        -0.00490789, -0.00855775],\n",
      "       [ 0.04762659, -0.10773003, -0.0738644 , ..., -0.00490789,\n",
      "         0.03294591,  0.01952008],\n",
      "       [ 0.06133636, -0.02000497,  0.02170029, ..., -0.00855775,\n",
      "         0.01952008,  0.02448432]], shape=(69, 69)), np.int64(12): array([[ 1.09208509, -1.25893748,  0.31449972, ..., -0.01835009,\n",
      "        -0.10307267, -0.01697944],\n",
      "       [-1.25893748,  1.5516337 , -0.36315944, ...,  0.03596898,\n",
      "         0.1025145 ,  0.03889609],\n",
      "       [ 0.31449972, -0.36315944,  0.8510502 , ...,  0.00766279,\n",
      "        -0.01992116, -0.03831174],\n",
      "       ...,\n",
      "       [-0.01835009,  0.03596898,  0.00766279, ...,  0.02305516,\n",
      "        -0.00801573,  0.00695144],\n",
      "       [-0.10307267,  0.1025145 , -0.01992116, ..., -0.00801573,\n",
      "         0.02029672, -0.00201225],\n",
      "       [-0.01697944,  0.03889609, -0.03831174, ...,  0.00695144,\n",
      "        -0.00201225,  0.00906318]], shape=(69, 69)), np.int64(13): array([[ 4.93672232e+00,  7.11589623e-01,  1.34968787e+00, ...,\n",
      "        -3.73950066e-01, -6.88726286e-02, -1.54792577e-01],\n",
      "       [ 7.11589623e-01,  2.36460073e+00,  1.95027220e+00, ...,\n",
      "        -6.05381765e-02, -8.05261325e-03, -6.28613623e-02],\n",
      "       [ 1.34968787e+00,  1.95027220e+00,  1.75580858e+00, ...,\n",
      "        -9.94030147e-02, -1.53669984e-02, -7.25737299e-02],\n",
      "       ...,\n",
      "       [-3.73950066e-01, -6.05381765e-02, -9.94030147e-02, ...,\n",
      "         3.92105584e-02,  1.05832312e-02,  1.33742826e-02],\n",
      "       [-6.88726286e-02, -8.05261325e-03, -1.53669984e-02, ...,\n",
      "         1.05832312e-02,  5.55142592e-03, -1.55043990e-03],\n",
      "       [-1.54792577e-01, -6.28613623e-02, -7.25737299e-02, ...,\n",
      "         1.33742826e-02, -1.55043990e-03,  2.03855312e-02]],\n",
      "      shape=(69, 69)), np.int64(14): array([[ 4.31607669e+00, -6.80802032e-01, -1.40763721e+00, ...,\n",
      "        -1.15783518e-01,  2.28942033e-02, -2.57894643e-02],\n",
      "       [-6.80802032e-01,  2.18113226e+00,  1.01819598e+00, ...,\n",
      "         1.10999685e-01, -2.52676727e-02, -1.09768129e-02],\n",
      "       [-1.40763721e+00,  1.01819598e+00,  9.28910260e-01, ...,\n",
      "         9.08042264e-02, -1.54909573e-02,  8.66194682e-03],\n",
      "       ...,\n",
      "       [-1.15783518e-01,  1.10999685e-01,  9.08042264e-02, ...,\n",
      "         1.48856855e-02,  1.17123833e-03, -1.98582744e-03],\n",
      "       [ 2.28942033e-02, -2.52676727e-02, -1.54909573e-02, ...,\n",
      "         1.17123833e-03,  5.03702507e-03, -9.90673707e-04],\n",
      "       [-2.57894643e-02, -1.09768129e-02,  8.66194682e-03, ...,\n",
      "        -1.98582744e-03, -9.90673707e-04,  3.72018831e-03]],\n",
